[gd_scene format=3 uid="uid://ldp8f4crpuj5"]

[ext_resource type="PackedScene" uid="uid://blk0xu2m2nycq" path="res://scenes/item.tscn" id="1_2bmlf"]
[ext_resource type="Texture2D" uid="uid://5xcj85j1ctpe" path="res://assets/placeholders/DevTextures/Dark/texture_04.png" id="1_gsx76"]
[ext_resource type="PackedScene" uid="uid://c4ngnojte6l5w" path="res://scenes/mermaid.tscn" id="4_4xkce"]
[ext_resource type="Texture2D" uid="uid://bfuyklsdknywe" path="res://assets/BG/BG_img.jpg" id="7_fmo7n"]

[sub_resource type="PhysicsMaterial" id="PhysicsMaterial_4uxoh"]
rough = true
bounce = 0.25

[sub_resource type="BoxShape3D" id="3_floor_shape"]
size = Vector3(200, 0.2, 200)

[sub_resource type="StandardMaterial3D" id="1_floor_material"]
albedo_texture = ExtResource("1_gsx76")
uv1_scale = Vector3(10, 10, 10)

[sub_resource type="PlaneMesh" id="2_floor_mesh"]
size = Vector2(200, 200)

[node name="Starter3D" type="Node3D" unique_id=173918023]

[node name="Item" parent="." unique_id=133743956 instance=ExtResource("1_2bmlf")]
transform = Transform3D(1, 0, 0, 0, 1, 0, 0, 0, 1, -8.451978, 1.6157398, 1.6849356)

[node name="Camera3D" type="Camera3D" parent="." unique_id=878903255]
transform = Transform3D(1, 0, 0, 0, 0.80901706, 0.58778524, 0, -0.58778524, 0.80901706, -7.450581e-09, 10.729816, 8.745848)
projection = 1
current = true
size = 25.0

[node name="DirectionalLight3D" type="DirectionalLight3D" parent="." unique_id=1565072717]
transform = Transform3D(0.81915206, -0.4055798, 0.4055798, 0, 0.70710677, 0.70710677, -0.57357645, -0.579228, 0.579228, 0, 0, 0)
light_energy = 2.0
shadow_enabled = true

[node name="Floor" type="StaticBody3D" parent="." unique_id=1833675114]
transform = Transform3D(1, 0, 0, 0, 1, 0, 0, 0, 1, 0, -0.1, 62.870018)
physics_material_override = SubResource("PhysicsMaterial_4uxoh")

[node name="CollisionShape3D" type="CollisionShape3D" parent="Floor" unique_id=1801628329]
transform = Transform3D(50, 0, 0, 0, 50, 0, 0, 0, 50, 0, -4.9, 0)
shape = SubResource("3_floor_shape")

[node name="MeshInstance3D" type="MeshInstance3D" parent="Floor" unique_id=126160062]
material_override = SubResource("1_floor_material")
mesh = SubResource("2_floor_mesh")

[node name="Mermaid" parent="." unique_id=1293432093 instance=ExtResource("4_4xkce")]
transform = Transform3D(-0.024815917, 0.999692, 0, -0.017848318, -0.00044305885, 0.9998406, 0.9995327, 0.024811963, 0.017853817, 0, 4.656455, -2.0975704)

[node name="background" type="Sprite3D" parent="." unique_id=302842814]
transform = Transform3D(5.5, 0, 0, 0, 5.5, 0, 0, 0, 5.5, 0, -1.3555965, -6.491336)
visible = false
texture_filter = 0
texture = ExtResource("7_fmo7n")
